K: 5
PCA_N: 8
Samples_fit: 200000
Silhouette_sampled: 0.3334507942199707
Explained_variance_ratio: [0.8319542407989502, 0.05695950239896774, 0.05417745187878609, 0.017860546708106995, 0.0064058913849294186, 0.005444721784442663, 0.003995942883193493, 0.0032337037846446037]
Cumulative_explained_variance: [0.8319542407989502, 0.8889137506484985, 0.9430912137031555, 0.9609517455101013, 0.9673576354980469, 0.9728023409843445, 0.9767982959747314, 0.9800320267677307]
ARI_runs: 6
ARI_mean_offdiag: 0.7603967785835266
